5
10000
489
448
823
449
985
812
791
13
39
262
646
4
433
173
321
703
29
489
864
665
177
292
872
789
257
549
105
176
20
936
238
609
432
685
281
405
996
877
482
206
544
554
931
73
590
170
214
298
470
721
407
173
946
179
941
107
332
362
47
629
469
662
459
181
78
138
475
166
464
896
405
912
639
729
645
622
45
963
416
47
65
73
842
816
615
159
224
211
914
54
576
433
946
99
837
781
474
196
333
455
519
275
467
904
602
324
962
417
323
788
199
690
587
775
687
197
834
68
230
49
988
471
389
112
666
237
142
266
115
884
549
662
270
879
397
235
530
959
231
166
829
210
819
86
884
66
166
136
418
7
431
435
779
418
63
535
283
806
690
900
868
350
842
768
819
63
156
166
398
959
116
210
821
752
712
31
172
400
967
544
702
949
54
578
583
473
430
231
754
340
811
771
665
965
691
120
711
276
7
128
38
3
110
593
667
994
864
131
439
51
618
496
749
668
397
584
444
559
827
780
336
742
550
254
387
859
507
654
359
394
20
282
670
751
107
25
679
383
735
564
998
191
441
66
664
424
477
885
58
95
586
253
819
786
903
761
194
74
869
256
89
176
4
49
437
795
464
691
470
118
430
583
820
317
107
575
771
71
799
648
779
383
638
918
578
674
760
958
129
651
873
734
639
631
186
77
212
534
59
194
860
558
156
640
114
659
807
507
202
668
470
813
94
855
877
889
80
626
14
952
769
112
481
582
396
547
640
424
417
779
364
539
298
545
548
828
770
627
999
39
818
456
61
178
718
642
201
647
864
478
996
618
891
483
1
585
405
63
408
20
557
576
788
253
779
451
425
712
381
539
53
651
225
798
702
754
444
426
920
645
657
193
492
907
102
281
142
708
815
558
536
754
144
559
127
360
178
315
315
57
659
907
742
442
610
558
620
84
82
584
177
768
356
782
623
459
400
952
85
248
271
311
32
124
368
16
901
716
983
342
378
957
49
991
936
484
736
346
361
783
54
440
167
767
2
769
339
114
309
84
273
865
521
981
394
885
127
41
59
837
989
243
840
813
343
851
854
653
646
825
663
458
5
110
75
529
442
759
251
983
748
322
811
102
934
973
280
523
944
430
761
892
700
307
19
435
289
745
415
876
852
940
365
564
955
328
525
997
74
991
871
932
335
709
329
226
873
922
793
500
291
793
514
566
767
273
464
804
510
216
231
973
331
406
817
669
973
493
115
12
994
45
569
367
219
479
45
466
751
71
952
554
544
807
141
43
880
58
11
876
447
892
483
865
972
625
833
996
921
369
134
976
202
598
100
518
216
5
431
948
501
930
448
530
99
408
245
398
339
134
724
416
582
876
387
540
637
902
724
409
313
965
773
127
693
501
261
297
565
847
702
285
931
884
826
978
413
91
115
831
380
353
621
22
136
650
673
109
109
766
921
401
985
17
417
209
271
848
187
223
60
877
483
936
582
478
139
636
237
469
349
472
462
731
917
196
63
356
770
801
484
890
271
573
320
268
764
297
135
13
294
528
911
250
292
255
817
675
582
790
941
609
588
448
460
534
158
840
344
472
699
799
881
832
391
13
397
224
759
962
619
398
320
199
871
357
276
620
881
35
253
994
637
432
961
439
323
318
627
752
622
690
271
480
743
708
207
52
648
822
870
609
341
260
933
906
636
596
399
563
835
816
306
335
731
599
168
282
478
785
634
590
708
344
604
617
521
787
937
569
957
469
875
255
552
332
307
626
916
715
280
621
289
395
345
54
160
268
602
404
4
436
359
962
181
595
280
844
926
159
692
551
501
836
449
870
350
711
740
144
689
673
83
718
879
18
936
961
267
473
906
234
722
15
290
342
391
679
322
444
544
753
328
432
516
805
667
689
846
488
392
3
396
424
180
382
544
478
25
595
504
306
88
877
356
344
531
364
2
212
667
510
514
436
544
713
95
675
402
415
610
328
781
416
837
529
209
800
170
818
84
100
620
742
30
587
696
338
966
478
218
961
427
256
435
236
890
203
477
846
178
130
883
782
255
340
392
405
706
621
995
786
264
679
916
102
236
919
168
965
698
927
397
892
690
788
895
932
782
350
603
714
313
708
639
17
579
952
31
901
813
77
707
537
69
281
287
193
394
925
491
656
268
973
683
876
819
949
70
155
694
799
4
45
863
169
572
893
170
283
139
906
930
930
497
747
990
724
383
797
617
693
115
295
751
619
830
762
444
857
413
826
631
336
105
231
15
609
368
92
270
821
596
493
672
666
634
50
181
147
59
633
604
991
942
771
122
835
301
396
281
744
503
826
948
402
774
886
44
244
273
747
179
424
963
218
85
855
34
532
219
194
912
496
321
307
836
762
693
443
395
729
542
536
782
696
692
531
91
160
185
407
506
403
317
184
899
850
216
926
876
541
476
669
21
738
160
311
977
411
216
34
596
883
726
651
301
614
384
490
964
998
213
459
957
165
764
643
7
764
440
732
181
674
129
403
397
310
97
422
392
991
372
363
805
646
160
838
46
658
608
314
962
25
169
524
191
388
928
389
363
87
182
379
864
959
672
302
654
393
422
283
488
609
627
70
648
384
669
594
774
230
291
106
918
930
396
656
154
596
366
328
780
947
522
898
923
44
426
823
215
339
74
636
0
194
657
451
546
119
419
938
294
327
713
419
165
878
261
819
594
282
78
364
936
741
415
577
326
80
706
808
987
795
974
22
658
782
703
864
961
212
540
843
154
468
909
22
990
599
70
22
657
611
165
296
807
351
335
478
726
992
242
273
181
252
267
876
470
466
443
316
164
225
302
362
87
518
368
987
493
955
131
340
413
659
79
94
425
150
363
255
976
885
909
635
515
494
610
388
650
861
781
88
637
437
449
504
98
443
681
907
564
840
592
177
629
265
723
426
587
401
495
777
379
652
321
323
478
640
181
799
105
713
794
65
341
415
849
603
217
439
672
219
963
247
646
185
590
41
212
111
851
51
285
531
811
474
820
719
892
229
320
401
278
700
119
158
318
970
287
551
951
925
834
841
315
915
227
846
41
377
476
663
75
261
731
615
257
176
943
628
13
704
384
939
819
365
675
346
819
17
958
410
737
996
883
788
353
183
358
429
426
101
987
279
112
337
644
206
166
641
948
207
503
744
564
878
362
587
785
935
195
953
117
711
904
470
467
547
278
503
393
545
398
917
247
18
380
577
665
655
752
326
29
314
799
14
851
90
74
780
547
737
692
464
181
759
484
598
156
151
995
67
665
178
126
680
167
822
870
322
578
573
140
812
603
719
446
348
650
186
371
3
979
359
706
234
236
483
233
953
70
540
273
654
825
628
608
794
463
344
154
964
429
450
384
638
258
144
380
852
905
975
475
278
691
699
37
869
421
54
367
40
438
853
190
890
613
61
715
77
866
310
259
107
605
265
366
903
724
963
336
909
883
205
44
655
907
150
342
429
798
303
564
440
948
850
817
104
657
55
975
127
69
310
150
562
960
597
213
163
821
731
894
163
957
236
454
529
346
513
898
262
999
351
542
816
397
821
666
733
87
454
420
896
137
74
337
975
580
944
260
669
447
423
813
567
158
918
142
506
322
814
541
63
655
937
420
888
62
306
10
518
25
398
418
915
695
801
372
875
584
902
671
758
101
385
815
870
699
740
527
426
808
31
310
794
638
765
530
874
793
711
321
77
303
381
634
578
441
330
615
662
241
184
905
438
41
506
758
972
654
197
510
56
745
792
520
624
190
64
893
868
122
512
460
812
317
930
606
738
491
921
676
902
672
317
508
130
224
103
413
908
767
478
766
371
368
470
582
508
63
384
595
619
538
664
260
980
750
932
138
848
871
62
445
202
135
384
966
216
330
831
927
190
971
984
204
64
150
89
247
487
785
406
506
707
452
39
432
343
880
498
850
783
320
374
102
220
243
511
531
453
961
951
338
747
653
7
498
866
103
388
49
266
537
537
483
687
79
220
287
861
520
415
733
923
947
259
446
444
261
824
475
663
498
727
667
283
86
801
802
216
628
425
181
966
769
232
222
576
846
995
22
400
698
330
830
703
498
405
628
607
315
280
594
419
499
176
719
635
398
743
628
842
201
292
610
378
544
975
683
817
323
721
1
4
924
605
96
813
959
53
330
562
470
84
989
284
17
100
515
432
277
950
929
430
717
293
633
528
583
658
634
809
916
781
765
158
760
781
541
165
910
119
253
564
591
600
212
825
960
824
894
649
583
316
942
621
600
150
219
241
535
311
174
662
619
847
796
984
261
516
436
297
700
242
68
60
214
55
664
427
923
540
874
105
751
948
940
923
458
810
908
925
580
16
483
203
878
198
907
341
926
862
433
946
760
730
325
973
244
448
906
995
949
117
317
878
196
747
500
319
201
252
493
69
2
37
916
8
756
974
305
596
835
345
585
294
559
721
316
324
569
406
961
893
912
251
708
167
603
798
97
717
637
10
765
334
765
652
688
40
794
982
221
172
924
930
440
255
187
647
894
739
303
648
102
634
173
529
460
920
876
654
17
807
36
860
442
813
716
32
250
381
434
176
134
548
458
385
66
381
102
366
551
159
332
508
744
22
262
45
216
777
741
937
162
224
4
827
584
706
584
372
366
874
928
885
183
784
929
655
999
384
62
756
571
741
11
853
635
507
68
823
711
365
342
587
965
499
82
120
48
825
198
457
666
30
981
334
677
584
91
169
619
65
742
162
345
318
151
628
605
415
31
369
773
961
104
580
36
433
167
270
391
341
164
475
719
304
392
196
470
321
645
280
393
855
230
59
987
574
502
153
302
785
985
355
826
428
778
479
519
803
14
252
403
712
57
180
743
881
847
162
416
212
947
596
920
635
197
752
253
423
352
484
354
739
229
375
232
630
38
785
172
889
443
748
67
36
688
522
432
429
363
980
904
877
227
245
168
693
651
223
824
9
4
977
799
426
477
359
164
331
797
842
259
575
897
408
264
462
669
593
971
291
20
322
322
632
256
473
798
429
72
952
243
627
489
134
556
530
584
575
50
588
470
585
787
290
422
142
656
559
56
134
797
133
70
797
319
627
537
204
670
273
713
609
754
174
334
96
948
785
930
266
591
457
150
391
714
701
498
906
902
793
99
350
344
301
304
95
198
452
821
252
283
985
179
653
837
746
169
738
197
101
84
344
69
391
622
671
467
697
434
631
437
10
862
685
117
221
273
835
642
929
351
866
12
997
564
304
90
312
411
611
436
905
784
239
659
486
933
802
517
564
839
740
251
434
531
529
382
723
448
850
469
927
99
134
971
106
563
45
110
358
90
554
740
900
216
72
306
764
414
390
197
122
996
473
652
558
768
251
887
82
634
566
338
653
935
603
239
370
752
45
239
294
577
28
46
464
954
451
716
107
123
27
410
594
193
821
441
55
222
550
240
223
857
127
160
150
795
911
54
573
860
134
630
322
790
728
864
123
519
57
866
827
416
967
869
225
854
312
705
401
198
951
711
797
255
738
493
168
90
137
489
137
339
813
305
228
871
19
211
407
237
513
438
273
367
491
146
673
158
10
17
751
27
768
538
521
912
334
73
358
254
941
370
256
958
180
645
247
819
810
566
750
470
426
726
852
358
232
515
825
398
926
283
35
366
932
513
527
72
844
338
124
499
848
662
611
348
123
258
178
969
726
889
731
363
884
335
428
177
315
421
484
407
863
42
684
711
456
309
548
223
371
395
883
657
898
972
0
760
999
871
328
896
366
808
729
506
866
391
628
77
49
888
508
350
15
950
888
904
682
389
45
194
126
29
897
400
657
976
923
955
100
158
836
231
367
199
943
696
474
55
959
379
211
254
464
477
258
309
812
488
307
325
976
520
873
927
695
381
294
276
277
781
972
345
747
472
839
179
850
765
587
420
517
787
315
354
811
513
322
140
824
358
387
122
275
263
370
486
400
642
283
332
54
258
770
107
415
436
118
14
771
569
620
602
76
905
950
155
335
153
836
975
690
16
243
621
41
466
580
754
448
85
659
444
520
390
113
638
82
28
251
80
335
320
541
393
754
201
973
38
374
500
752
869
816
226
923
26
81
713
463
290
57
941
434
97
430
552
391
813
834
774
53
534
947
609
501
156
205
328
81
231
911
836
403
342
549
16
717
921
242
466
758
880
767
108
125
965
873
31
318
886
881
308
937
62
513
564
391
80
583
449
360
655
684
195
590
819
607
874
756
193
912
700
768
297
572
501
415
499
645
355
401
21
473
187
191
679
729
783
92
508
546
97
819
153
824
579
16
910
182
761
564
741
763
540
879
778
890
63
654
517
414
815
657
989
95
513
215
957
680
247
943
178
322
148
1
726
957
2
130
758
253
608
646
655
199
149
126
577
484
757
839
730
647
484
687
756
857
443
246
552
285
103
55
823
677
304
13
455
609
30
587
697
507
347
470
930
679
288
783
978
413
335
468
483
566
592
28
491
841
632
224
830
426
187
254
160
383
37
675
574
238
824
401
205
623
234
695
205
329
301
692
14
441
958
605
510
429
462
715
438
812
819
472
75
151
799
990
317
237
958
768
410
629
82
1
37
146
205
731
639
560
431
55
7
293
469
815
130
501
153
211
540
422
803
46
237
645
521
199
707
533
305
508
140
980
66
953
236
97
219
341
694
47
978
764
421
682
261
964
727
184
240
534
151
232
614
11
413
749
969
297
979
571
20
513
836
277
538
400
543
765
465
205
627
21
873
641
808
428
70
959
67
624
207
457
407
684
407
257
262
503
1
871
381
867
606
486
218
423
573
459
728
544
696
190
75
560
565
281
293
408
485
490
611
687
99
333
482
313
456
666
565
42
771
412
474
190
12
997
939
884
994
157
415
671
705
215
984
803
627
702
950
489
952
895
595
337
472
337
758
652
80
322
354
713
291
825
102
50
493
114
274
413
306
915
250
168
141
99
858
378
607
180
190
234
570
160
107
592
882
734
602
836
2
598
311
263
942
579
127
176
801
825
333
578
745
209
749
569
386
325
306
540
835
606
9
251
493
319
526
145
768
541
573
19
653
884
313
620
520
433
823
689
663
412
624
335
696
739
230
680
471
93
643
35
291
356
141
204
426
551
76
555
85
6
667
870
688
848
845
22
426
349
749
393
700
252
743
126
702
963
577
773
145
886
446
606
641
299
16
863
830
140
510
67
569
703
288
495
928
494
953
575
445
209
731
603
457
682
456
428
522
111
738
109
811
41
654
516
36
751
855
513
828
80
328
895
351
844
640
168
35
8
248
43
443
957
74
730
892
727
802
623
819
38
78
25
419
443
660
430
816
364
26
308
421
281
621
913
901
576
141
272
371
404
988
724
296
455
91
282
770
85
49
189
342
577
846
196
969
292
486
2
414
176
162
135
422
496
428
341
648
848
409
471
719
457
947
836
330
244
853
552
903
944
769
414
464
382
820
842
281
431
790
816
956
389
751
941
630
857
35
410
934
437
202
57
708
349
745
592
633
89
647
977
645
225
94
949
392
843
410
318
281
21
121
217
563
9
960
255
184
307
563
517
798
659
934
148
400
728
144
361
923
667
684
984
550
98
464
278
861
187
679
972
131
891
439
650
642
985
624
713
920
547
280
713
941
764
724
743
574
187
583
429
90
694
896
527
951
514
650
944
536
703
443
249
708
781
617
920
624
941
763
626
761
501
103
679
765
301
942
238
57
12
589
26
314
262
403
237
39
568
309
159
176
27
861
934
178
617
800
615
932
831
245
361
453
735
445
551
442
850
385
380
359
379
188
152
560
226
912
486
745
556
663
646
580
750
47
138
459
780
602
345
56
834
205
933
721
793
159
213
234
790
285
493
259
832
245
276
736
735
35
119
338
866
772
16
697
939
455
98
626
447
531
748
822
248
910
359
424
333
126
663
614
0
325
436
560
533
709
328
839
313
526
976
661
990
712
758
18
653
978
568
896
82
58
191
831
575
690
914
938
73
930
987
302
951
673
214
551
63
807
884
775
970
137
346
535
706
403
584
766
83
757
535
455
435
273
662
679
451
748
253
609
504
79
538
154
386
239
538
211
965
190
879
980
761
530
978
219
260
827
328
412
769
970
466
252
273
400
733
301
906
954
17
229
276
906
315
302
81
102
78
359
902
611
674
329
864
61
261
646
976
199
173
479
532
781
783
895
253
680
651
568
840
120
874
543
157
178
737
297
419
899
190
887
793
97
782
765
199
69
123
101
410
623
260
829
355
324
145
426
865
656
689
313
312
43
768
224
881
518
365
199
60
687
492
496
964
431
849
442
163
311
223
158
986
70
345
992
627
292
93
685
648
165
938
29
131
115
238
617
252
318
537
857
946
116
769
998
31
679
572
885
460
824
390
70
367
202
606
920
44
116
675
207
962
124
644
259
842
985
982
91
286
498
888
834
93
767
279
198
202
508
227
269
155
198
713
412
947
316
207
171
664
750
904
915
481
662
840
304
401
837
32
576
346
227
172
610
903
211
363
468
130
459
286
64
168
519
529
174
359
471
783
965
606
533
463
610
802
993
25
992
697
980
107
36
906
830
531
290
507
709
257
1
194
821
166
586
311
751
699
988
302
290
870
895
742
951
67
586
947
434
69
751
901
167
195
248
841
454
984
961
698
129
701
680
770
352
170
276
148
653
355
949
342
616
285
74
305
356
208
390
965
67
392
466
967
545
900
900
786
173
413
322
157
964
146
173
892
540
126
309
68
262
896
978
318
988
848
824
496
876
46
356
472
339
295
941
343
589
647
851
521
116
876
919
784
655
651
814
601
433
906
89
560
820
549
306
852
674
915
606
619
125
945
849
899
192
853
4
946
174
394
293
167
365
364
577
857
48
245
184
689
606
909
102
489
867
21
182
593
959
216
685
460
808
749
866
154
467
700
490
769
567
28
160
585
572
688
799
882
318
663
693
70
648
1
918
403
906
400
351
584
132
377
295
958
98
948
390
369
967
658
113
674
981
951
954
393
89
632
277
856
83
502
973
753
483
641
190
659
805
116
541
604
724
281
610
146
381
859
970
300
973
860
500
16
40
24
305
954
725
200
785
453
82
245
108
253
60
329
608
577
542
415
697
885
956
428
462
498
198
546
767
483
662
93
587
401
99
561
504
245
335
991
269
13
255
567
737
321
898
901
12
651
101
994
732
874
257
852
337
489
600
644
845
436
677
395
981
455
320
347
742
661
461
900
156
875
142
587
337
901
724
883
594
952
120
684
373
968
172
751
96
877
594
863
88
534
693
867
51
373
806
101
921
893
373
291
693
155
195
355
641
748
836
402
328
571
362
329
823
826
742
16
642
28
237
490
648
572
238
810
503
699
290
167
603
553
450
928
457
128
572
388
855
324
569
445
991
477
712
90
105
219
544
376
358
618
900
598
732
308
927
647
682
207
471
669
699
520
932
861
774
87
277
791
554
467
496
141
188
567
265
455
423
976
249
723
978
972
600
570
663
230
340
273
839
443
231
555
935
385
600
141
890
187
645
790
40
75
586
567
425
777
169
118
618
310
7
101
262
938
882
805
125
241
482
368
962
201
5
746
583
219
537
867
778
486
684
470
456
151
310
414
186
396
21
742
27
814
683
557
803
939
13
850
871
78
829
315
427
852
681
385
841
601
236
770
412
358
443
957
138
255
230
871
31
229
229
460
60
148
544
361
316
575
468
615
346
973
322
995
273
908
175
895
535
483
315
935
776
280
721
229
562
272
352
721
48
451
979
596
288
37
58
317
282
652
134
605
520
248
77
76
294
959
602
380
806
432
181
579
575
973
315
941
186
32
203
209
923
857
116
232
597
236
476
162
501
105
717
600
363
513
151
478
645
658
272
623
133
918
260
600
953
846
33
300
644
667
56
623
730
652
662
743
546
794
537
375
699
964
989
855
798
948
767
707
2
513
918
564
193
236
304
382
789
296
90
652
517
956
944
10
217
271
552
203
925
228
786
333
403
701
399
885
463
628
679
261
621
606
726
473
968
835
496
763
530
371
92
732
836
872
374
573
947
485
603
355
627
610
632
64
720
878
251
720
846
663
190
777
551
712
606
987
25
933
612
506
923
582
252
343
13
102
585
108
379
382
450
924
29
406
523
705
15
577
929
25
276
110
974
821
378
767
415
838
30
842
426
51
62
768
883
373
416
238
374
843
850
931
384
865
984
341
745
821
346
289
98
238
210
36
462
632
211
576
349
375
997
425
321
663
596
654
257
579
187
702
267
35
745
767
971
221
82
428
117
234
551
588
837
165
897
929
894
503
313
303
899
602
127
263
361
428
436
951
293
544
732
687
698
701
651
349
872
688
3
186
577
691
875
968
627
657
509
68
414
554
892
250
289
402
715
762
16
896
877
400
413
967
961
933
318
346
659
885
500
429
887
852
971
692
200
899
460
81
58
175
252
578
354
492
494
687
296
624
899
363
790
86
310
192
320
967
663
712
766
571
91
249
269
480
315
986
818
673
541
342
490
109
195
553
678
546
546
329
595
321
364
907
10
494
82
311
916
403
516
855
220
889
543
275
498
762
581
383
377
862
875
383
269
821
287
82
843
152
798
916
691
922
48
523
992
597
649
951
142
427
149
77
196
186
837
33
294
453
314
33
174
498
465
550
139
234
104
839
64
536
168
86
965
847
98
358
854
666
917
317
783
144
238
859
941
862
747
174
351
810
660
591
175
566
792
968
342
251
703
66
350
406
497
287
999
216
160
291
975
399
869
55
76
438
654
234
571
454
714
969
47
633
984
764
673
37
694
516
836
114
634
627
314
932
163
448
803
984
78
297
396
271
212
162
288
284
360
351
397
473
276
887
245
56
415
857
316
464
181
674
644
292
224
785
304
249
605
8
225
878
833
719
366
978
767
627
43
872
348
964
966
682
695
210
809
531
858
656
74
294
242
418
374
566
315
918
81
504
271
327
997
824
255
160
596
235
368
187
279
285
77
603
706
291
77
699
557
826
193
199
28
153
283
971
370
417
6
508
948
516
219
640
538
91
673
803
96
425
320
226
998
501
69
403
944
551
106
948
211
982
515
488
265
101
608
866
408
278
28
96
232
375
212
258
103
108
812
998
946
45
577
583
621
606
94
267
637
835
133
636
72
949
301
136
554
170
621
816
225
800
215
278
840
486
142
640
953
5
123
663
156
957
805
169
173
274
68
281
943
947
354
905
672
674
497
40
489
640
47
477
169
379
693
359
374
600
868
905
425
522
948
829
243
903
515
761
260
398
314
422
867
165
846
324
125
938
459
403
660
9
795
775
741
149
331
48
95
962
764
496
687
590
861
580
384
969
506
438
796
344
444
140
744
732
561
925
162
924
934
294
708
645
230
944
608
26
132
844
651
667
833
595
525
822
254
386
205
875
970
891
971
496
991
82
548
739
981
986
304
59
19
98
6
546
972
947
960
474
621
727
999
75
927
540
7
131
772
309
569
569
145
957
667
150
961
659
286
636
222
575
887
426
146
725
274
591
990
670
590
247
678
486
866
959
915
851
627
742
333
75
198
702
776
992
811
852
539
57
664
728
419
382
856
391
428
336
755
25
682
221
298
609
313
170
234
467
115
117
217
949
796
92
31
82
968
424
216
328
308
186
197
857
971
228
115
114
981
876
941
892
107
136
542
956
562
714
870
996
482
432
553
216
266
935
694
542
583
695
563
719
610
921
577
962
884
416
801
648
303
970
615
330
946
704
333
923
62
29
5
53
449
100
164
261
570
291
875
563
120
276
824
319
143
448
266
568
815
195
82
535
551
356
895
837
857
658
289
905
23
738
340
115
900
103
512
162
318
52
519
311
138
588
734
606
279
977
145
993
453
152
188
769
802
7
638
464
284
896
257
144
989
306
68
642
859
671
363
139
936
474
437
591
741
188
550
558
177
375
994
821
264
833
523
59
351
512
272
276
377
977
275
322
552
957
785
34
506
27
785
115
691
216
326
700
78
199
561
794
692
818
568
544
867
793
18
295
996
929
446
445
372
118
831
579
707
135
236
275
213
669
566
582
500
503
666
596
823
673
241
798
218
505
713
960
277
683
885
126
50
147
187
347
766
665
402
657
843
738
919
541
683
208
940
303
262
475
404
296
866
372
722
900
568
536
568
516
487
987
234
135
796
655
251
217
497
494
750
52
626
428
146
157
415
65
924
517
954
214
272
428
511
367
885
952
673
899
706
304
61
589
681
993
518
788
137
929
728
86
579
554
352
628
795
387
442
626
412
9
258
682
873
900
803
753
335
337
512
452
789
169
73
513
750
892
356
260
566
780
369
750
162
98
782
74
517
331
519
193
766
414
683
662
475
230
125
696
508
84
778
425
25
734
930
195
722
123
95
961
277
18
23
200
462
661
741
270
171
519
991
348
181
869
357
607
444
609
38
128
179
981
176
199
88
80
472
811
386
805
937
75
830
224
439
127
920
92
27
456
880
370
185
509
54
343
893
624
470
115
598
775
347
567
583
982
902
973
524
709
250
117
624
432
171
312
451
907
201
245
641
265
313
619
900
156
758
877
287
523
41
254
638
954
838
78
352
352
889
12
944
298
275
271
477
326
915
899
438
449
480
937
926
385
215
944
967
678
390
51
435
954
745
818
332
319
682
378
9
975
208
431
307
966
61
426
168
550
668
477
377
67
508
439
510
527
626
107
528
349
232
595
221
9
134
971
632
869
269
529
312
411
519
789
84
159
756
736
515
830
468
574
179
844
168
987
179
210
937
573
374
922
796
90
696
868
479
773
41
989
374
464
480
282
341
29
583
617
204
348
612
49
204
802
69
73
95
786
522
940
473
488
658
183
161
203
374
379
976
994
130
880
9
936
157
267
193
226
729
561
837
473
449
469
895
316
405
219
539
232
273
55
634
914
52
647
518
319
288
114
405
182
161
615
463
118
357
952
465
673
208
978
519
167
850
107
872
89
368
274
890
961
960
138
36
362
421
703
580
295
581
144
987
823
617
576
613
153
881
133
865
416
488
623
343
817
333
699
144
706
473
217
709
884
84
92
643
422
243
992
912
457
846
204
585
310
513
247
718
905
50
984
83
499
184
473
579
822
86
20
185
682
446
936
379
944
652
775
446
532
485
773
646
634
557
340
698
984
790
398
381
837
412
904
836
127
471
637
116
460
826
809
148
899
86
800
352
678
922
895
982
596
132
575
851
629
891
453
353
912
524
900
480
28
234
878
696
803
788
237
572
169
624
418
897
777
323
127
214
302
240
792
57
824
238
471
519
476
619
342
743
615
857
152
710
460
568
832
227
882
717
600
393
110
812
906
391
616
568
988
692
32
855
211
440
363
130
531
137
992
183
337
449
903
482
841
817
722
98
538
518
801
514
210
398
9
709
520
878
201
263
620
243
752
807
194
602
935
279
312
866
228
170
171
713
320
957
241
456
810
333
364
547
520
124
694
209
372
105
513
711
878
567
183
557
28
688
823
245
361
290
103
607
849
571
110
425
114
485
917
857
251
635
790
312
42
282
652
745
96
417
526
917
871
67
998
151
333
843
767
653
177
920
116
541
213
665
59
192
450
382
559
48
573
349
102
211
543
41
241
758
19
400
799
583
82
688
633
902
568
641
769
855
108
560
969
46
239
337
196
11
562
448
499
92
222
667
84
684
468
125
405
812
453
233
190
201
485
311
257
903
779
750
127
460
127
273
797
515
649
392
968
726
395
409
109
403
153
657
355
0
790
63
207
18
684
51
722
903
745
569
694
506
728
651
769
23
695
197
130
603
844
150
467
389
662
726
0
910
416
687
189
658
324
558
649
317
670
700
44
976
269
919
471
582
860
974
652
785
922
588
944
754
988
111
921
628
136
27
451
570
726
568
220
910
99
827
61
768
715
120
132
621
705
546
564
205
647
432
246
829
535
639
957
698
81
80
945
154
947
617
686
713
612
437
648
291
513
467
231
470
132
209
731
283
376
905
895
90
48
868
82
429
800
857
384
988
283
663
51
95
193
887
939
719
696
341
336
503
325
390
905
773
3
414
529
589
325
427
339
239
603
961
693
206
143
32
734
800
783
296
697
468
487
609
630
999
199
383
381
717
483
876
383
157
243
506
224
869
991
440
678
732
575
14
287
768
200
458
898
773
733
786
299
738
18
956
559
217
602
636
905
775
504
201
817
247
665
259
124
386
849
312
540
627
400
842
42
562
366
393
917
560
672
312
892
303
566
772
192
280
406
670
718
206
632
102
521
945
362
355
834
327
678
320
526
702
804
129
239
467
628
105
495
684
581
134
457
787
329
611
776
407
183
997
872
503
183
487
571
772
524
358
51
343
852
77
387
594
956
894
110
558
680
409
935
390
546
159
725
928
188
809
91
387
206
131
119
113
896
836
437
813
348
658
634
892
248
682
331
508
48
310
921
465
76
860
161
439
892
239
7
822
602
129
783
793
846
120
445
751
397
658
598
141
329
123
188
218
358
164
768
520
815
319
66
801
474
683
570
874
283
545
516
445
862
654
295
789
846
386
260
786
345
475
34
252
575
949
891
161
199
382
755
371
318
74
923
80
352
393
589
951
530
440
796
618
348
432
981
62
441
59
534
147
331
646
387
804
798
17
982
516
685
529
160
272
808
787
367
872
338
28
176
157
325
374
859
25
403
202
363
745
232
166
330
983
884
320
661
823
986
296
811
685
693
907
77
463
646
848
635
649
353
907
642
131
667
661
28
126
166
485
70
666
776
306
370
282
913
259
988
809
249
79
124
311
880
208
589
406
136
121
977
14
404
8
683
951
515
150
964
452
207
744
525
928
131
5
173
96
934
280
640
757
757
501
150
11
283
107
790
729
46
95
580
966
472
906
305
981
101
673
675
954
568
855
600
61
873
687
513
354
11
37
643
722
92
775
3
781
324
119
702
732
643
89
725
61
907
24
45
866
718
735
677
377
176
405
316
472
84
49
878
724
837
943
527
736
102
84
749
865
767
437
671
3
546
265
953
103
682
634
701
255
487
857
636
271
947
108
274
65
232
688
435
803
167
729
921
322
659
94
491
145
875
856
39
365
188
935
475
869
453
574
238
987
28
618
646
851
791
143
801
726
203
382
230
202
880
487
700
14
667
411
149
32
687
855
569
178
343
898
205
645
622
825
15
300
488
731
934
605
913
628
844
954
440
412
661
46
656
193
953
741
459
471
639
494
572
980
51
453
606
707
772
213
835
997
189
20
689
940
740
818
268
798
397
519
993
794
426
675
800
501
497
146
329
629
174
22
157
445
447
975
848
154
895
0
975
446
553
939
710
513
954
830
962
860
325
710
750
378
734
597
301
564
966
140
55
620
23
123
893
256
428
894
318
170
286
253
282
783
435
459
186
865
754
227
167
792
773
911
998
756
929
673
498
295
879
968
470
494
529
683
879
621
811
688
531
339
347
920
681
791
207
675
978
178
798
854
181
472
992
847
812
331
12
394
938
245
479
956
361
276
409
217
734
267
368
556
290
352
646
316
988
595
975
137
102
460
76
820
274
258
739
85
397
642
22
11
969
469
75
127
145
847
70
360
565
303
206
231
574
682
720
47
479
972
914
464
532
290
811
913
462
397
74
860
810
848
152
185
679
727
451
804
896
176
430
834
280
85
266
610
275
94
151
754
437
539
336
788
502
325
470
36
495
103
469
23
868
632
933
534
914
331
575
851
566
865
284
221
813
392
500
44
976
92
211
768
572
342
279
597
528
495
563
328
852
611
837
353
429
56
555
820
349
842
385
301
143
727
406
420
974
829
519
618
35
680
349
588
280
140
800
53
44
883
643
390
337
808
816
826
389
204
454
680
76
678
18
751
179
795
742
970
560
484
657
718
971
67
572
378
331
872
88
462
138
518
92
590
594
838
535
600
59
438
612
593
183
622
33
841
904
256
241
474
978
793
464
357
862
200
826
559
893
296
237
502
478
354
110
613
785
293
218
247
140
722
557
988
338
94
366
256
139
207
707
408
292
252
18
929
347
972
27
591
266
650
548
694
163
366
946
103
407
543
461
789
182
215
914
790
88
419
577
625
337
427
247
883
276
723
129
254
314
64
46
595
962
694
56
571
611
178
329
193
809
484
934
0
655
414
937
81
747
998
879
905
59
730
339
473
789
130
335
776
109
277
185
214
922
468
260
752
766
964
48
305
784
826
100
969
431
115
521
309
55
895
943
736
723
748
395
694
537
387
635
691
515
575
777
328
668
408
621
625
91
372
666
713
511
448
154
314
280
843
733
776
500
910
785
904
897
338
646
469
331
460
702
709
525
477
972
990
990
234
965
313
225
476
780
620
878
559
826
898
783
828
379
590
354
803
599
615
646
63
536
781
737
985
172
390
287
941
728
526
895
179
208
596
20
39
814
989
898
268
291
162
318
946
390
435
198
547
294
684
763
787
557
786
211
631
74
828
783
474
814
58
546
784
946
226
13
82
777
187
785
331
140
498
313
443
375
970
814
734
520
473
770
248
743
620
460
760
750
887
18
833
376
787
482
815
196
764
937
978
882
705
345
738
34
998
569
876
359
929
137
244
537
271
756
227
578
341
492
655
479
291
302
798
941
539
585
839
629
830
85
106
435
774
479
527
280
69
558
87
246
331
693
955
381
565
473
438
159
464
454
861
503
269
935
163
949
332
106
523
451
573
564
103
414
605
665
552
593
870
164
388
714
623
520
430
985
402
499
512
596
146
810
652
147
785
284
721
584
746
412
497
92
14
846
460
432
337
632
259
813
142
54
167
119
453
325
248
173
152
46
213
631
271
946
808
552
971
1
215
814
908
654
762
337
447
143
159
733
278
453
487
746
292
77
67
23
89
792
291
240
845
163
662
18
755
167
20
131
369
411
87
187
931
493
967
263
290
318
573
992
426
851
267
24
2
955
702
159
974
167
511
258
829
570
367
591
836
803
908
879
922
656
724
11
988
452
608
398
796
240
443
158
249
825
376
41
246
330
58
877
14
710
969
598
39
146
392
695
60
542
680
920
767
270
299
222
774
310
239
97
948
965
259
514
506
332
278
500
713
590
517
703
890
229
559
911
416
244
126
450
367
81
774
340
646
663
861
765
143
462
758
386
306
748
67
764
363
945
6
389
646
638
613
602
588
139
841
74
872
409
621
196
950
795
583
376
923
883
999
99
781
4
144
910
668
866
431
555
850
697
324
479
320
902
11
916
722
103
779
201
737
244
142
296
189
346
524
212
923
314
591
378
150
955
60
162
973
258
7
362
424
490
5
203
341
355
812
310
125
752
187
549
950
126
675
199
643
296
51
972
363
567
581
361
228
376
446
709
985
798
884
671
454
404
126
108
385
476
528
283
761
816
508
514
184
322
63
89
458
883
416
241
630
660
909
715
554
819
321
352
644
765
60
6
594
367
214
964
233
2
746
47
787
228
620
404
641
126
98
108
288
748
80
590
178
607
140
111
808
833
739
888
462
383
268
298
258
71
847
548
328
988
294
119
788
621
373
210
651
613
896
873
242
10
139
311
675
983
450
156
262
518
167
909
300
282
884
55
378
665
6
434
831
413
602
913
850
72
398
612
172
333
62
722
328
338
700
944
830
227
326
275
311
426
530
799
986
418
16
284
86
725
244
266
521
459
421
789
582
204
49
422
450
288
153
111
269
82
85
924
133
786
278
624
858
649
44
643
800
516
203
528
874
958
295
321
788
758
47
975
608
214
643
711
744
30
788
977
777
499
210
712
140
705
659
364
821
224
395
625
294
975
619
619
181
623
840
11
15
91
947
84
205
683
603
363
723
692
803
337
996
843
206
137
735
840
913
789
277
225
604
796
804
852
184
718
611
257
329
260
593
800
462
730
577
835
484
487
447
175
952
163
326
664
71
764
927
742
684
813
735
368
625
498
751
510
587
893
650
249
204
630
110
697
685
793
930
974
601
412
510
924
361
530
805
582
606
762
195
766
420
753
999
162
428
956
161
625
894
470
695
360
466
863
621
700
175
163
834
974
400
832
739
458
719
98
699
50
726
624
374
38
731
504
66
809
148
30
159
155
282
70
259
414
317
299
664
401
908
0
19
698
30
634
897
747
105
180
898
985
645
300
440
665
520
257
881
937
803
276
534
300
274
916
469
644
613
179
467
965
385
630
778
823
688
220
540
931
983
893
128
54
949
973
690
720
951
38
348
752
777
800
278
683
971
662
211
645
654
235
22
640
101
946
494
413
614
878
287
895
963
660
361
622
647
872
41
289
66
513
31
669
165
66
32
273
898
746
393
887
224
10
37
727
968
777
395
162
763
212
370
176
941
465
653
486
928
329
834
865
393
204
964
227
459
805
605
31
150
505
622
244
805
408
518
453
994
871
523
37
271
899
212
306
677
195
115
459
328
294
26
783
449
205
196
912
681
771
405
405
103
237
400
769
135
386
691
298
29
816
312
992
451
150
132
95
926
773
308
405
443
162
798
298
513
421
558
882
877
566
925
81
909
216
732
585
651
646
586
255
243
431
434
13
417
987
677
91
285
124
646
791
642
669
727
270
42
709
778
474
521
315
180
364
181
383
484
807
663
722
825
513
769
963
573
892
948
473
227
129
76
555
580
474
815
874
595
271
467
677
345
771
694
58
56
602
907
168
873
233
202
452
387
888
508
765
780
707
842
977
826
486
754
552
659
866
86
592
463
635
43
16
4
674
773
77
412
292
887
961
469
300
145
841
869
836
667
566
588
60
808
43
29
414
205
857
906
261
894
299
374
832
942
430
258
571
180
623
760
653
281
353
618
580
33
438
375
428
357
884
710
721
103
923
36
157
837
573
876
340
907
838
266
53
389
436
397
887
891
12
251
984
663
412
7
166
213
20
458
516
44
123
898
134
305
339
561
769
329
234
788
761
302
976
742
526
545
345
81
426
73
948
629
406
944
957
121
476
64
675
844
931
28
995
279
752
242
865
365
453
373
756
938
101
806
277
13
902
246
669
566
364
929
622
808
630
794
299
503
88
177
809
599
122
407
74
359
465
216
186
451
532
32
862
666
297
482
825
765
323
106
868
238
168
338
857
886
507
434
256
529
431
315
928
654
295
354
804
971
722
608
65
286
442
546
311
968
157
821
583
289
512
851
967
586
926
131
150
969
923
745
971
644
451
861
921
149
292
772
481
792
858
608
169
124
710
335
182
651
913
721
113
179
664
464
637
709
262
606
132
401
640
503
608
285
218
104
260
76
583
197
285
265
543
910
691
870
939
532
543
66
31
50
332
919
872
325
169
15
681
871
827
449
423
268
887
515
361
933
262
349
547
930
579
291
624
727
536
673
34
861
124
647
372
600
757
785
469
564
546
945
614
756
834
151
879
763
693
199
810
725
149
886
822
777
843
239
452
881
485
975
452
907
582
478
158
823
286
78
231
353
803
453
182
456
303
607
831
515
339
671
712
195
962
780
161
896
647
420
348
234
15
910
950
601
596
261
735
383
879
439
458
119
485
152
146
210
832
639
279
187
524
664
922
842
509
173
493
279
636
897
295
818
506
156
922
351
967
434
981
864
608
264
438
755
256
40
402
295
570
834
434
828
410
438
123
63
960
72
858
607
842
538
23
410
27
871
683
15
785
538
127
594
887
552
63
621
513
918
284
947
376
362
677
770
865
521
733
221
993
942
923
597
621
797
357
806
184
609
982
450
30
862
778
28
568
318
496
185
497
781
347
524
76
947
466
997
391
115
309
400
833
633
25
192
555
324
279
995
348
321
483
114
537
318
429
192
316
736
103
89
741
878
639
717
787
610
816
260
777
345
137
849
470
895
924
68
715
644
251
613
768
196
132
444
909
256
360
665
246
137
145
805
139
72
138
983
9
942
472
161
630
463
562
817
490
246
351
810
652
714
741
181
885
69
779
500
609
906
544
754
883
87
562
222
273
861
217
358
518
802
684
895
843
327
756
750
837
187
813
731
488
676
275
987
618
704
518
171
95
46
919
787
411
989
900
857
26
396
22
33
704
96
794
465
809
11
764
139
431
518
866
331
699
324
988
47
474
582
308
459
922
540
475
256
173
301
440
11
247
947
244
866
44
457
143
210
718
170
421
153
980
130
895
522
494
235
698
989
875
42
634
406
912
874
973
433
147
128
53
313
688
196
589
718
996
885
62
392
44
133
242
980
877
492
66
539
71
584
449
796
252
938
181
557
775
420
10
185
387
37
788
235
333
254
283
742
877
687
318
543
609
577
147
849
684
70
295
905
237
662
167
305
481
649
203
829
903
168
684
100
217
880
849
427
349
307
490
789
90
501
975
836
927
300
955
615
661
390
210
516
169
360
888
684
908
362
149
703
366
448
149
632
316
790
671
474
536
135
821
196
544
656
937
422
753
933
820
989
530
39
487
121
458
917
988
883
339
476
684
689
897
573
37
957
103
0
713
888
805
473
545
51
483
870
706
158
424
642
301
995
704
986
333
505
168
3
708
246
355
168
710
506
665
640
769
252
844
803
343
60
289
464
497
486
794
870
783
376
295
610
551
852
134
622
676
610
331
924
485
596
193
721
459
451
261
829
686
464
315
252
991
837
618
470
265
352
154
470
733
953
617
594
868
850
321
188
643
986
83
140
824
920
916
150
633
777
987
304
890
445
320
228
664
52
497
705
57
720
993
417
944
378
213
690
324
213
469
915
762
889
363
475
300
907
760
389
441
599
347
528
427
973
117
72
156
624
882
24
292
50
607
326
721
432
116
718
623
455
387
101
598
509
510
912
48
695
870
772
731
885
575
946
349
294
64
847
847
562
97
645
323
776
407
989
338
488
559
181
843
558
559
523
510
241
96
303
423
882
865
92
409
11
529
148
566
948
190
979
588
767
527
390
38
291
460
977
18
152
529
376
542
910
419
416
796
516
704
491
366
483
308
110
698
353
85
274
540
776
301
599
569
471
32
39
309
567
519
300
752
774
603
95
645
842
125
182
564
322
731
576
379
787
199
401
724
310
585
35
107
361
273
775
443
587
345
887
675
623
972
953
924
274
239
728
938
728
204
309
129
630
982
901
151
154
557
739
668
627
309
890
963
863
440
372
252
316
722
44
465
979
805
727
329
996
810
881
515
127
210
154
421
702
599
962
469
838
508
668
319
985
551
103
647
49
87
617
979
550
62
992
848
663
680
578
980
590
562
290
372
789
339
711
519
866
918
379
514
160
510
245
857
486
179
362
967
152
119
304
450
17
829
5
456
146
578
561
616
498
581
636
229
905
432
153
880
890
438
469
968
243
518
406
823
542
500
206
701
972
531
28
950
854
53
334
993
542
704
494
727
729
263
534
166
539
418
272
622
228
947
281
61
802
719
652
583
450
910
908
330
686
361
606
756
842
739
910
540
585
54
958
65
953
624
276
531
273
438
848
837
509
651
450
472
990
33
156
709
177
992
171
607
16
377
313
82
769
826
536
787
346
243
962
90
349
328
113
454
601
53
981
717
783
636
395
753
432
125
141
824
97
298
389
665
615
599
28
596
471
315
476
57
696
69
181
304
640
480
874
503
304
38
990
637
765
514
812
778
891
88
383
561
598
764
485
524
121
792
869
889
151
632
372
817
961
86
695
336
945
53
236
221
786
713
156
91
398
848
878
373
381
910
813
658
587
403
906
270
636
83
870
924
302
883
361
856
92
941
537
845
233
789
857
145
506
138
72
413
225
597
637
400
895
542
128
864
81
537
824
721
108
927
538
767
920
777
485
34
166
655
706
263
436
128
235
584
748
385
456
681
331
285
100
573
446
478
899
683
618
87
899
245
114
171
812
283
928
744
181
510
499
386
325
123
239
221
833
710
293
320
322
356
714
880
767
9
700
559
561
296
655
327
100
65
127
79
585
361
475
58
306
727
976
509
573
358
221
512
547
847
780
885
619
884
931
637
881
897
13
773
16
899
835
311
28
859
926
646
499
972
671
721
973
295
432
154
598
491
8
506
948
763
403
226
496
293
209
943
610
495
563
154
135
852
793
739
132
992
935
547
672
202
94
308
653
665
281
427
444
144
353
555
535
773
289
378
811
546
385
147
21
731
535
577
394
706
133
135
227
17
812
373
336
548
492
65
200
370
790
837
898
293
345
574
841
343
41
794
637
706
919
30
878
853
162
796
427
315
311
116
852
349
610
577
854
894
115
422
905
835
967
183
521
562
342
292
508
787
908
200
472
651
630
902
300
106
715
764
683
352
838
761
471
849
587
542
243
31
539
634
869
516
258
911
766
690
879
816
207
884
246
373
690
268
27
702
236
443
960
320
297
585
216
577
579
458
904
802
487
241
836
673
954
601
943
24
736
446
432
881
654
39
481
730
196
731
239
193
210
344
174
979
74
664
498
71
577
203
563
283
655
770
727
490
895
465
223
179
684
47
525
646
406
550
330
764
39
386
942
973
761
797
592
384
610
634
889
537
414
665
453
903
626
916
521
789
687
278
413
401
457
286
797
805
65
517
38
337
311
502
509
323
693
27
852
81
788
175
383
223
82
352
423
454
740
868
616
196
161
805
387
788
626
260
738
467
716
834
404
987
702
851
932
220
475
440
971
792
236
510
392
754
110
756
615
998
237
364
639
847
796
276
521
296
157
801
947
168
962
104
169
881
112
925
280
82
416
187
467
804
220
692
552
29
851
992